[?25l[0m [38;2;0;0;0m            [7m[38;2;201;84;80m▊[0m[38;2;157;49;48;48;2;229;61;56m━[38;2;138;41;42;48;2;197;48;46m╾[0m [38;2;0;0;0m             [0m
 [38;2;0;0;0m      [0m [38;2;67;32;19m    [7m[38;2;161;70;67m▊[0m[38;2;233;54;50;48;2;231;84;78m╷[38;2;222;52;48;48;2;192;48;46m▉[38;2;102;56;53;48;2;182;62;58m▖[0m[38;2;159;40;40m▌    [0m  [38;2;0;0;0m       [0m
 [38;2;0;0;0m     [0m [38;2;92;44;27;48;2;197;86;42m▘[0m[38;2;146;70;40m▖ [38;2;60;213;168m▗[38;2;60;222;174m▅[38;2;62;212;167m▅[38;2;130;110;92;48;2;220;56;52m▖[38;2;30;179;143;48;2;99;66;59m▗[38;2;39;134;109;48;2;186;162;149m▌[38;2;64;203;162;48;2;163;65;58m▗[0m[38;2;60;223;176m▅[38;2;57;218;171m▅[38;2;57;201;158m▖[0m [7m[38;2;166;74;40m▌[38;2;169;76;39m▝[0m [38;2;0;0;0m      [0m
 [38;2;0;0;0m    [0m [38;2;171;78;44m━[38;2;131;62;36;48;2;214;87;40m▏[0m[38;2;192;83;44m▍[38;2;110;58;37m╸[38;2;30;124;101;48;2;50;175;139m╷[38;2;18;78;69;48;2;54;211;167m▄[38;2;16;73;65;48;2;41;181;146m▄[38;2;22;94;80;48;2;35;169;138m▖[38;2;56;213;167;48;2;83;128;106m▇[38;2;56;217;170;48;2;90;142;117m▇[38;2;23;86;73;48;2;51;209;165m▗[38;2;17;75;67;48;2;52;209;166m▄[38;2;17;77;69;48;2;52;211;166m▄[0m[38;2;50;175;140m▉[38;2;157;71;40m╺[38;2;106;48;28;48;2;206;86;42m▌[38;2;197;82;40;48;2;102;50;30m▉[0m[38;2;149;68;38m╾      [0m
 [38;2;0;0;0m   [0m [38;2;162;69;38m▁[7m[38;2;189;79;41m━[0m[38;2;136;58;34;48;2;220;84;41m╸[0m[7m[38;2;209;84;43m━[0m[38;2;218;86;43m▁[38;2;100;45;29m▁[7m[38;2;17;65;59m▄[38;2;13;50;46m▄[0m[38;2;4;19;16;48;2;53;158;134m▎[38;2;47;151;127;48;2;63;191;157m▃[38;2;43;193;154;48;2;30;168;136m▘[38;2;34;167;135;48;2;5;22;19m▋[0m[7m[38;2;13;52;47m▄[38;2;16;63;57m▄[0m[38;2;133;59;37m▁[7m[38;2;148;60;33m━[38;2;209;82;40m╸[0m[38;2;56;24;15;48;2;219;84;41m╺[0m[7m[38;2;152;63;34m━[0m[38;2;130;58;36m▁     [0m
 [38;2;0;0;0m   [38;2;120;52;33m▂[38;2;174;68;40m▄[7m[38;2;173;66;38m▘[0m[38;2;216;81;40;48;2;208;77;41m╵[38;2;149;59;33;48;2;183;68;37m╵[38;2;204;75;42;48;2;94;38;22m▄[0m[38;2;165;68;43m▂[0m [38;2;0;0;0m [7m[38;2;42;122;106m▎[0m[38;2;40;131;112;48;2;24;106;90m▘[38;2;28;149;121;48;2;24;114;97m▝[0m[38;2;26;120;99m▊ [0m [38;2;190;74;44m▂[38;2;195;73;41m▄[38;2;213;77;40;48;2;193;72;39m┈[38;2;214;76;40;48;2;203;74;39m┈[38;2;202;74;41;48;2;96;39;23m▄[0m[7m[38;2;121;49;30m╺[0m [38;2;0;0;0m    [0m
 [38;2;0;0;0m  [0m [38;2;144;55;36m▗[38;2;140;53;32m▅[38;2;164;59;36;48;2;58;24;17m▆[38;2;206;71;41;48;2;202;69;39m╵[38;2;184;65;38;48;2;125;52;36m▇[0m[7m[38;2;128;49;32m▁[0m[38;2;135;52;33m▄[38;2;71;32;24m▖[0m [7m[38;2;24;82;73m▎[0m[38;2;16;74;67;48;2;20;87;76m▅[38;2;16;75;67;48;2;20;89;78m▆[0m[38;2;23;91;79m▋[0m [38;2;106;46;33m┌[38;2;134;51;32m▅[7m[38;2;131;50;32m▁[0m[38;2;162;63;41;48;2;197;68;39m▏[38;2;206;71;41;48;2;196;67;40m╵[0m[38;2;160;59;38m▆[38;2;123;46;29m▅[38;2;112;46;31m▖[0m [38;2;0;0;0m   [0m
 [38;2;0;0;0m  [38;2;113;45;35m╺[38;2;171;63;43m━[7m[38;2;142;52;34m▃[38;2;162;57;37m▃[38;2;153;61;42m▖[38;2;162;57;37m▃[38;2;150;53;35m▃[38;2;104;41;28m▂[0m[38;2;121;49;36m━[0m [7m[38;2;13;46;42m▎[0m[38;2;11;41;37;48;2;17;72;65m▃[38;2;11;40;35;48;2;16;71;63m▃[0m[38;2;13;44;40m▋[0m [38;2;148;57;40m━[38;2;165;59;39m┷[7m[38;2;160;56;36m▃[38;2;182;62;39m▄[38;2;151;60;41m▗[38;2;154;53;34m▃[38;2;128;47;31m▃[0m[38;2;157;60;40m━[38;2;73;32;24m╸   [0m
 [38;2;0;0;0m      [7m[38;2;31;22;20m▅[0m [38;2;15;11;10m    [0m [7m[38;2;9;37;32m▆[38;2;11;35;31m▆[0m [38;2;0;0;0m    [0m [38;2;36;25;22m▘       [0m
 [38;2;0;0;0m                             [0m
[?25h